2019061206
2019061300
2019061418
2019061506
2019061512
2019061518
2019061606
2019062000
2019062400
2019062418
2019062500
2019062700
2019062706
2019062900
2019070400
2019070518
2019070606
2019070818
2019070912
2019071000
2019071006
2019071106
2019071112
2019071118
2019071300
2019071412
2019071600
2019071806
2019071900
2019071918
2019072018
2019072212
2019072412
2019072600
2019072818
2019073012
2019073018
2019073118
2019080106
2019080212
2019080400
2019080406
2019080500
2019080606
2019080700
2019080800
2019080812
2019080918
2019081106
2019081206
2019081306
2019081406
2019081418
2019081500
2019081512
2019081518
2019081812
2019082006
2019082118
2019082200
2019082318
2019082600
2019082606
2019082612
2019082818
2019083112
2019090200
2019090300
2019090306
2019090500
2019090518
2019090612
2019090718
2019090900
2019091100
2019091206
2019091212
2019091218
2019091500
2019091706
2019091712
2019091718
2019091800
2019092018
2019092212
2019092612
2019092618
2019092700
2019092806
2019100218
2019100312
2019100406
2019100506
2019100518
2019100718
2019101018
2019101300
2019101306
2019101406
2019101412
